       11.7160185823
        7.8124496548
        6.7828699857
        6.8360533080
        6.8631455694
        6.8362196870
        6.8272218834
        6.8224588248
        6.8180575198
        6.8154674517
        6.8139603111
        6.8130279663
        6.8124832158
        6.8121703022
        6.8119899401
        6.8118872380
        6.8118292006
        6.8117964856
        6.8117781197
        6.8117678419
        6.8117621003
        6.8117588979
        6.8117571138
        6.8117561205
        6.8117555678
        6.8117552602
        6.8117550891
        6.8117549939
        6.8117549410
        6.8117549115
        6.8117548950
        6.8117548859
        6.8117548808
        6.8117548780
        6.8117548764
        6.8117548755
        6.8117548750
        6.8117548747
        6.8117548746
        6.8117548745
        6.8117548745
        6.8117548744
        6.8117548744
        6.8117548744
        6.8117548744
        6.8117548744
        6.8117548744
        6.8117548744
        6.8117548744
        6.8117548744
        6.8117548744
        6.8117548744
        6.8117548744
        6.8117548744
        6.8117548744
        6.8117548744
        6.8117548744
        6.8117548744
        6.8117548744
        6.8117548744
        6.8117548744
        6.8117548744
        6.8117548744
        6.8117548744
        6.8117548744
        6.8117548744
        6.8117548744
        6.8117548744
        6.8117548744
